20
46 18
7 11 9 46
640834505 28785
3 9 1 999946125
97 39
34 37 656 97
131 74
1 9 10 78736
714311129 39521
9 5 9 999998192
82 81
58 56 739 82
1000000000 100000
1 1 0 2
59 26
14 19 681 59
112 73
1 5 3 64100
66 39
35 2 589 66
977365070 59489
8 5 9 999966210
28 21
6 5 1 85919
1000000000 1
12 7 74 12
220 88
1 8 3 58265
198 81
8 5 7 83495
1000000000 100000
999999999 1 999999999 1000000000
110 53
7 7 1 64417
840698758 13331
8 7 10 999955808
232959116 56689
4 9 1 999903057
218492221 46085
3 7 1 999969453
